# Camera list with one line of data per camera:
#   CAMERA_ID, MODEL, WIDTH, HEIGHT, PARAMS[]
# Number of cameras: 40
40 OPENCV 1920 1080 1144.51 1144.03 960 540 0.00190386 0.00175949 0.000202904 0.000246122
39 OPENCV 1920 1080 1144 1143.57 960 540 0.00190472 0.0010279 0.000160156 0.000123364
38 OPENCV 1920 1080 1144.14 1143.73 960 540 0.00243809 0.000179998 0.000260147 0.000122486
37 OPENCV 1920 1080 1144.46 1144.12 960 540 0.00203771 0.00176505 0.000297635 1.68859e-05
36 OPENCV 1920 1080 1143.42 1143.82 960 540 0.00267192 -0.00478358 -0.000380876 -0.000186682
35 OPENCV 1920 1080 1143.44 1143.79 960 540 0.00217701 -0.00349011 -8.74558e-05 -9.4461e-05
34 OPENCV 1920 1080 1142.24 1142.99 960 540 0.00170424 -0.000359848 -8.83318e-05 2.25286e-05
33 OPENCV 1920 1080 1142.33 1143.05 960 540 0.00134507 -0.000234268 -0.000149261 3.12633e-05
32 OPENCV 1920 1080 1142.4 1142.97 960 540 0.0062662 -0.0062387 -0.000691499 0.000294624
31 OPENCV 1920 1080 1142.66 1143.03 960 540 0.00452485 -0.00548303 -0.000586653 0.000295268
30 OPENCV 1920 1080 1142.25 1142.62 960 540 0.00370713 -0.00756287 5.37539e-06 -0.000168635
13 OPENCV 1920 1080 1143.61 1144.14 960 540 -0.000721215 0.00374399 6.63311e-05 0.000479193
12 OPENCV 1920 1080 1143.84 1143.8 960 540 0.0063151 -0.00903545 -0.000155358 6.06541e-05
11 OPENCV 1920 1080 1143.62 1143.32 960 540 0.00520788 -0.006051 -0.000106165 4.06957e-05
10 OPENCV 1920 1080 1144.02 1144.82 960 540 -0.000848632 0.00310287 -0.000174553 0.000130686
9 OPENCV 1920 1080 1143.98 1144.79 960 540 -0.000788968 0.00309229 -0.000192398 0.000141279
8 OPENCV 1920 1080 1142.47 1142.13 960 540 0.00636152 -0.00619674 -0.000236228 0.000433142
7 OPENCV 1920 1080 1142.5 1142.58 960 540 0.00769197 -0.00909151 -0.000285782 0.000351546
6 OPENCV 1920 1080 1143.03 1143.16 960 540 0.00448349 -0.00702284 -0.000120232 1.36401e-05
5 OPENCV 1920 1080 1142.71 1142.55 960 540 0.00381169 -0.00473412 -5.76817e-05 1.00894e-05
4 OPENCV 1920 1080 1143.63 1144.43 960 540 -0.00039704 0.00285886 -5.45476e-05 0.000297498
3 OPENCV 1920 1080 1143.86 1144.69 960 540 -0.00193595 0.00490647 -5.60158e-05 0.00030198
2 OPENCV 1920 1080 1142.69 1142.38 960 540 0.00671845 -0.00697961 -0.000121838 0.000746262
1 OPENCV 1920 1080 1142.86 1142.83 960 540 0.00706325 -0.00895983 -0.00021594 0.000646002
14 OPENCV 1920 1080 1143.49 1144.22 960 540 0.000991486 0.00172314 4.51558e-05 0.000565078
15 OPENCV 1920 1080 1143.11 1144.16 960 540 0.00185314 0.000431034 9.38741e-05 -0.00011779
16 OPENCV 1920 1080 1143.05 1143.97 960 540 0.00216435 0.000799694 0.000195465 -2.82256e-05
17 OPENCV 1920 1080 1143.96 1144.18 960 540 0.00204297 -6.25589e-05 -0.000557127 4.86526e-05
18 OPENCV 1920 1080 1143.79 1144.06 960 540 0.00375273 -0.00205292 -0.000604873 -7.13443e-06
19 OPENCV 1920 1080 1143.3 1144.1 960 540 0.00132618 0.00171927 3.85615e-05 0.000270581
20 OPENCV 1920 1080 1143.36 1144.25 960 540 0.00275691 -0.000518899 0.000166441 0.000400388
21 OPENCV 1920 1080 1144.26 1145.13 960 540 -0.000237205 0.00324186 6.57209e-05 -0.000237622
22 OPENCV 1920 1080 1143.94 1144.7 960 540 0.000228298 0.00208369 7.1531e-05 -8.46659e-05
23 OPENCV 1920 1080 1144.7 1144.8 960 540 0.00189287 0.000455526 -0.000541511 0.000312232
24 OPENCV 1920 1080 1144.48 1144.54 960 540 0.00380197 -0.00221926 -0.000445905 0.000226238
25 OPENCV 1920 1080 1142.87 1143.33 960 540 0.00507281 -0.00793439 -0.000532971 0.000568011
26 OPENCV 1920 1080 1143.04 1143.16 960 540 0.00466053 -0.00544827 -0.000534753 0.000648202
27 OPENCV 1920 1080 1142.21 1142.87 960 540 0.000917281 0.000285058 -1.9196e-05 0.000298688
28 OPENCV 1920 1080 1142.52 1143.01 960 540 0.000619652 0.000716268 5.79725e-05 0.000307578
29 OPENCV 1920 1080 1141.59 1141.98 960 540 0.00496121 -0.00783351 -0.000296507 -4.23425e-05
